<?xml version="1.0"?>
<opencv_storage>
<data type_id="opencv-matrix">
  <rows>128</rows>
  <cols>1</cols>
  <dt>f</dt>
  <data>
    -2.05337003e-01 1.45085216e-01 5.75538725e-02 -1.22918651e-01
    -1.33711085e-01 -5.29142395e-02 -9.72166210e-02 -6.34197593e-02
    2.16260746e-01 -1.76285833e-01 1.80467665e-01 8.67772624e-02
    -2.20988378e-01 -5.32878749e-02 -6.73433542e-02 1.59277990e-01
    -2.08758444e-01 -1.47902817e-01 3.39231193e-02 -2.78234091e-02
    1.84725434e-01 3.87607589e-02 4.32515070e-02 8.76443386e-02
    -1.78920165e-01 -3.44923496e-01 -1.24528199e-01 -5.06535918e-02
    -7.64645413e-02 -7.18978792e-02 1.00268543e-01 4.76471595e-02
    -1.99638441e-01 1.60125270e-02 2.66315471e-02 1.17352486e-01
    7.32255429e-02 -5.05504236e-02 1.65821165e-01 3.58903296e-02
    -2.21680433e-01 -1.06839120e-01 7.67260417e-02 1.70989498e-01
    1.44417107e-01 1.27545968e-02 5.18742912e-02 -1.15889981e-01
    1.48924634e-01 -1.98894307e-01 -7.20165670e-03 1.82809547e-01
    4.35799211e-02 2.51985788e-02 1.24091834e-01 -1.43039435e-01
    9.08629596e-02 1.23845518e-01 -2.15931505e-01 -7.16082156e-02
    2.05604844e-02 -8.64663795e-02 -4.02778797e-02 -5.91805838e-02
    1.88912064e-01 1.02427840e-01 -1.14110239e-01 -1.65078938e-01
    2.57433742e-01 -1.35570928e-01 -4.54541519e-02 1.27451003e-01
    -1.10154189e-01 -1.96886972e-01 -2.01555997e-01 -1.35355107e-02
    3.96134704e-01 2.02761233e-01 -1.00490414e-01 9.97725576e-02
    -7.67022073e-02 -5.62042929e-02 -2.16543078e-02 1.41384035e-01
    -3.73525918e-02 6.41394854e-02 -5.22329882e-02 7.87437782e-02
    1.46591157e-01 5.69565743e-02 2.97500379e-02 2.34276444e-01
    3.58686522e-02 6.05055392e-02 5.64313009e-02 1.41060939e-02
    -1.42128721e-01 1.64328851e-02 -1.07085213e-01 -3.22223455e-03
    -5.78675158e-02 -4.09730524e-02 -2.26165503e-02 8.31729025e-02
    -1.39736384e-01 9.53164995e-02 -5.86511903e-02 -8.50060284e-02
    -1.51097208e-01 1.17824776e-02 -7.41634816e-02 -1.77659821e-02
    5.63183092e-02 -2.42096379e-01 1.78961366e-01 1.21955693e-01
    -6.97338805e-02 2.12157696e-01 6.34235740e-02 1.44500911e-01
    5.70127741e-05 -1.30284801e-01 -1.17357314e-01 -9.37318206e-02
    5.69904447e-02 -1.18620768e-01 9.01162624e-02 -6.58033937e-02</data></data>
</opencv_storage>
