<?xml version="1.0"?>
<opencv_storage>
<data type_id="opencv-matrix">
  <rows>128</rows>
  <cols>1</cols>
  <dt>f</dt>
  <data>
    -7.54304081e-02 2.76067853e-02 8.49132538e-02 -6.65817186e-02
    -7.45106339e-02 -8.35075304e-02 -2.11324599e-02 -1.20883286e-01
    1.87686339e-01 -4.84380610e-02 1.10063247e-01 -3.31828631e-02
    -2.22169429e-01 -5.98880462e-03 -1.05251364e-01 8.86749253e-02
    -1.29529953e-01 -1.24888562e-01 -1.19293898e-01 -1.40308157e-01
    5.70406541e-02 1.41552433e-01 8.24609920e-02 -5.79511896e-02
    -1.59172148e-01 -2.35363722e-01 -6.19401708e-02 -8.86341631e-02
    7.82352388e-02 -1.15456797e-01 3.79062742e-02 9.98047143e-02
    -2.04480946e-01 -4.28243354e-02 -7.81475846e-03 1.00728989e-01
    -6.13311976e-02 -1.05004087e-01 2.05540791e-01 1.63975917e-03
    -1.67679742e-01 5.19758947e-02 7.52718970e-02 2.04960138e-01
    2.39255026e-01 -3.97184379e-02 1.72245260e-02 -1.08628631e-01
    8.68841335e-02 -2.57745266e-01 3.22472788e-02 1.58271343e-01
    4.61614877e-02 9.65778604e-02 5.75445406e-02 -1.31678611e-01
    -5.39220870e-02 1.36917979e-01 -1.84826165e-01 8.34798366e-02
    9.06370506e-02 -8.09191093e-02 -4.72196639e-02 -6.02918454e-02
    1.33868888e-01 7.73257390e-02 -1.03723243e-01 -1.82334676e-01
    1.46200046e-01 -1.93898052e-01 -7.28102550e-02 1.10010751e-01
    -1.03038959e-01 -8.84218886e-02 -2.55825728e-01 4.25627828e-02
    3.53097379e-01 3.33776623e-02 -6.03401475e-02 7.29613528e-02
    -1.31426066e-01 -3.91554981e-02 -7.88918138e-02 1.73780490e-02
    -5.20055667e-02 -3.29583101e-02 -7.70343468e-02 4.41023931e-02
    2.00912356e-01 -6.39550313e-02 -4.76012975e-02 1.63427159e-01
    3.04800272e-03 -7.92270061e-03 -2.66134012e-02 8.27390924e-02
    -1.81828022e-01 2.14939890e-03 -8.94624516e-02 -3.65374982e-02
    4.45513465e-02 -7.32673928e-02 2.94244215e-02 1.46849245e-01
    -8.78555328e-02 1.82476163e-01 -5.22165932e-02 -6.37748316e-02
    1.45736784e-02 -2.60601491e-02 -3.73221003e-02 -3.73212136e-02
    1.54981554e-01 -2.13968918e-01 2.20719337e-01 1.41236931e-01
    3.15103419e-02 1.34520993e-01 4.23431061e-02 1.15567759e-01
    -9.39640310e-03 1.10151708e-01 -1.21489696e-01 -8.81698057e-02
    -9.89292935e-03 5.00785485e-02 1.30227096e-02 8.61726701e-02</data></data>
</opencv_storage>
