<?xml version="1.0"?>
<opencv_storage>
<data type_id="opencv-matrix">
  <rows>128</rows>
  <cols>1</cols>
  <dt>f</dt>
  <data>
    -5.65747917e-02 1.34259149e-01 1.04158178e-01 -6.47327080e-02
    -1.04063809e-01 -2.25262921e-02 -9.29190293e-02 -2.23206952e-02
    1.25112623e-01 -5.69311157e-02 1.95220873e-01 -1.24374283e-02
    -2.29688615e-01 2.02582814e-02 -3.39259617e-02 8.53961483e-02
    -1.08571857e-01 -1.10660434e-01 -1.62086129e-01 -5.84534928e-02
    1.48482602e-02 4.78196368e-02 -1.44784246e-02 3.68211716e-02
    -1.00927353e-01 -2.41819426e-01 -5.68331107e-02 -1.01663008e-01
    5.72963208e-02 -1.96665779e-01 2.23144889e-02 2.34351419e-02
    -1.12110272e-01 6.13112375e-03 -2.17896886e-02 5.44604473e-02
    1.55622344e-02 -1.09263308e-01 1.44393653e-01 -5.23922667e-02
    -1.99461997e-01 -2.82038711e-02 4.74881306e-02 2.64648825e-01
    1.82550177e-01 6.89037740e-02 1.75654292e-02 -6.27624318e-02
    9.22426730e-02 -2.77051657e-01 3.10382657e-02 1.35265648e-01
    -1.22778807e-02 1.32387623e-01 7.94491246e-02 -2.35440269e-01
    2.48555597e-02 1.00916624e-01 -1.52330711e-01 5.22897765e-02
    1.32703781e-03 -1.00830115e-01 -3.67406532e-02 -1.51340052e-01
    2.43638992e-01 8.35988447e-02 -1.28691494e-01 -1.49403900e-01
    1.43299460e-01 -1.86428204e-01 -6.12947568e-02 1.34339064e-01
    -1.05890989e-01 -1.19318642e-01 -2.43775755e-01 4.25314158e-02
    3.26953441e-01 1.74626023e-01 -1.26398548e-01 5.23770489e-02
    -9.38853994e-02 -4.67942543e-02 -6.45981282e-02 7.87773803e-02
    -3.49753425e-02 2.04132758e-02 -6.79644048e-02 4.33024541e-02
    2.21911728e-01 -6.75457940e-02 6.81143850e-02 2.12958097e-01
    -7.31285848e-03 -2.20366307e-02 -6.06414676e-02 4.41087522e-02
    -1.07236966e-01 2.07995903e-02 -6.01708144e-02 3.83843854e-02
    7.53359646e-02 -8.38156492e-02 7.25522311e-03 8.57804716e-02
    -1.93384260e-01 1.33481115e-01 4.35140403e-03 -2.09755301e-02
    1.15952799e-02 7.84522016e-03 -3.36311497e-02 -5.14358617e-02
    2.39179954e-01 -2.87192911e-01 2.26161018e-01 2.23930672e-01
    1.08362988e-01 1.15563124e-01 3.27206776e-02 1.27517134e-01
    7.38132931e-03 -3.46597210e-02 -1.47963554e-01 -6.64960593e-02
    7.15332618e-03 -5.04225194e-02 -6.46004081e-02 7.39112496e-02</data></data>
</opencv_storage>
