<?xml version="1.0"?>
<opencv_storage>
<data type_id="opencv-matrix">
  <rows>13</rows>
  <cols>128</cols>
  <dt>f</dt>
  <data>
    -8.37121382e-02 6.47552237e-02 9.39426124e-02 1.26962718e-02
    -1.00910760e-01 6.23889314e-03 -5.88590838e-02 -4.10875566e-02
    3.55321653e-02 -1.52764559e-01 1.66992590e-01 1.88956615e-02
    -1.79727048e-01 -3.11096944e-02 9.90324467e-02 1.72390416e-01
    -8.16599876e-02 -1.21629179e-01 -2.10150048e-01 -7.81540796e-02
    -5.55958524e-02 1.04249425e-01 -1.00703351e-02 -1.53561970e-02
    -1.43574864e-01 -3.08334410e-01 3.07632703e-03 -8.21408723e-03
    1.89569145e-02 3.31889875e-02 -3.27013619e-02 -2.63723582e-02
    -1.53844535e-01 4.57619410e-03 4.81176004e-02 1.18404210e-01
    -7.63786733e-02 -2.79702246e-02 1.40139148e-01 -1.69015415e-02
    -2.14483812e-01 6.96642324e-02 3.15965191e-02 2.63136476e-01
    2.25650638e-01 1.81716271e-02 7.06491470e-02 -3.33290771e-02
    9.64731574e-02 -2.97045171e-01 5.90216294e-02 5.64585477e-02
    1.13061145e-01 8.09604675e-02 5.42807057e-02 -1.34197176e-01
    1.75369084e-02 1.92480952e-01 -1.80198804e-01 5.75552024e-02
    5.38801663e-02 -8.86402726e-02 2.34144218e-02 -7.40775689e-02
    2.74612010e-01 1.11718960e-01 -1.29523933e-01 -1.66186705e-01
    1.22319959e-01 -2.15629950e-01 -7.17943236e-02 -2.79612513e-03
    -6.06739484e-02 -1.24504343e-01 -3.72156531e-01 2.08686106e-02
    3.00460786e-01 1.48744524e-01 -1.77768499e-01 1.75910015e-02
    -2.24429891e-02 2.72288062e-02 4.61416468e-02 6.09616935e-02
    -7.03386888e-02 -4.57552746e-02 -5.26363477e-02 -3.62743158e-03
    2.89921284e-01 -1.47490203e-02 5.22126211e-03 2.31498525e-01
    5.99976368e-02 -7.14118555e-02 2.43688021e-02 2.76034989e-04
    -7.78390616e-02 -4.45358083e-02 -6.03096634e-02 5.11053838e-02
    -3.90041992e-02 -1.61133796e-01 9.05459747e-02 1.14841655e-01
    -2.38383725e-01 2.66626745e-01 -9.96018574e-02 7.19002336e-02
    7.91264102e-02 8.44061151e-02 -9.06707272e-02 -6.09174743e-02
    1.64898559e-01 -2.20977917e-01 1.74339801e-01 2.21032575e-01
    6.92351609e-02 1.36268795e-01 7.58634433e-02 9.96131226e-02
    -4.40161675e-02 1.15388133e-01 -2.05784142e-01 -7.97473416e-02
    -5.27305156e-03 -9.83355343e-02 7.06625804e-02 1.76087111e-01
    -6.25125840e-02 6.30278885e-02 2.76434794e-02 4.15306864e-03
    -1.23146668e-01 -2.65740938e-02 -1.02840647e-01 -1.61200449e-01
    9.96310413e-02 -8.30734223e-02 1.56677127e-01 -7.37007782e-02
    -2.45868608e-01 -6.69470895e-03 -3.58259454e-02 8.89837816e-02
    -1.79939181e-01 -5.75078093e-02 -1.21751733e-01 -1.64150730e-01
    -8.33227187e-02 4.51460741e-02 3.70571911e-02 3.34501453e-02
    -1.11684501e-01 -1.89621657e-01 -1.05767436e-01 -1.73147082e-01
    1.26208335e-01 -4.87591289e-02 -5.19353338e-02 7.61925951e-02
    -1.73528537e-01 -9.77286100e-02 5.68569750e-02 2.03797355e-01
    -4.95769642e-02 -2.15353556e-02 2.57473320e-01 -1.07993502e-02
    -1.25700668e-01 3.20618413e-02 1.08752325e-01 2.47481525e-01
    2.04547361e-01 -1.56217732e-03 -1.81787480e-02 -1.39590353e-03
    1.35384589e-01 -2.16058418e-01 8.24742764e-02 2.30050445e-01
    2.27099955e-01 1.16460688e-01 8.63452554e-02 -1.87251359e-01
    4.18860652e-02 1.75718620e-01 -1.43963844e-01 1.02661967e-01
    1.58265516e-01 -1.01377763e-01 4.23055924e-02 2.82397158e-02
    2.00768605e-01 1.14780746e-01 -7.62518048e-02 -1.22206286e-01
    1.92166641e-01 -1.80783480e-01 -4.54266146e-02 1.03843674e-01
    -1.26050860e-01 -9.16604027e-02 -2.71290928e-01 4.16938215e-04
    3.77103895e-01 1.35376066e-01 -1.04652658e-01 -1.94005668e-04
    -1.07722864e-01 -1.41574293e-01 -1.77992973e-02 5.26445545e-02
    -5.88350408e-02 -5.54191917e-02 -6.34952262e-02 5.19530959e-02
    1.90329254e-01 -3.47736925e-02 7.86279067e-02 1.83368668e-01
    1.79645922e-02 -4.61064279e-04 -1.07170567e-02 6.18175929e-03
    -1.52858227e-01 -9.13179219e-02 -8.96482021e-02 -7.69877993e-03
    -2.71370653e-02 -1.65600479e-01 3.74680758e-02 8.94698203e-02
    -2.13180721e-01 1.21477358e-01 -2.84106396e-02 -5.79852797e-02
    -5.35965078e-02 -2.10782774e-02 -3.90137658e-02 4.27360348e-02
    2.99960732e-01 -2.43057191e-01 2.23337248e-01 1.59903944e-01
    -3.27495858e-02 8.20648223e-02 6.06563687e-02 9.69785675e-02
    -1.18020270e-02 -5.43850698e-02 -1.63326561e-01 -1.50213495e-01
    -7.02456683e-02 -8.29501748e-02 -2.20904965e-03 8.99548829e-02
    -1.14062771e-01 9.50276628e-02 -5.11942208e-02 -1.08109191e-02
    -8.08976069e-02 7.05432799e-03 -6.09370954e-02 -1.05074197e-01
    1.22087799e-01 -3.21605317e-02 1.67593539e-01 -2.20971890e-02
    -2.87920475e-01 -1.37450965e-02 6.01624250e-02 1.31659165e-01
    -1.67096868e-01 -1.71045914e-01 -1.82213426e-01 -1.30309150e-01
    4.50526327e-02 6.65388778e-02 -2.15278212e-02 5.73999397e-02
    -1.59398288e-01 -2.64578074e-01 -7.68813491e-02 -1.27550408e-01
    9.06592458e-02 -1.02599941e-01 -1.19056255e-02 -3.10281552e-02
    -1.73117876e-01 -6.10373914e-02 8.01209509e-02 6.58601448e-02
    -1.75758405e-03 -4.75806817e-02 2.28169456e-01 4.55984175e-02
    -2.04810068e-01 -5.16470522e-03 7.08784014e-02 2.60176361e-01
    2.10818872e-01 7.55331069e-02 3.54802608e-03 -1.81167945e-02
    7.40806386e-02 -2.52180129e-01 6.94372058e-02 1.98696613e-01
    1.12529099e-01 1.23879716e-01 1.00828856e-02 -2.49826089e-01
    1.06141921e-02 1.29524916e-01 -2.42695481e-01 8.06803927e-02
    4.03340794e-02 -1.47893727e-01 -8.58437568e-02 4.07010242e-02
    1.76244602e-01 1.38017416e-01 -1.01274565e-01 -1.88306391e-01
    1.84418783e-01 -1.72614992e-01 -9.70332623e-02 4.21596393e-02
    -1.38791695e-01 -1.55530736e-01 -3.14954042e-01 -9.72110592e-03
    4.00360018e-01 3.78714986e-02 -2.19934031e-01 4.36800979e-02
    -1.65812317e-02 -3.39254476e-02 2.44772788e-02 5.58043495e-02
    -7.83233792e-02 -3.09810825e-02 -9.04468298e-02 4.96773347e-02
    2.08029896e-01 -2.70532928e-02 6.96622417e-04 1.97624058e-01
    1.85710471e-03 -3.30303758e-02 1.08752966e-01 1.94386601e-01
    -8.27202871e-02 -9.45744887e-02 -7.60304183e-02 -6.82701170e-02
    1.23576999e-01 -1.20765910e-01 1.53015722e-02 9.32855383e-02
    -2.19946489e-01 2.13639304e-01 1.16517674e-02 -3.39453816e-02
    -6.80439174e-02 -1.33285522e-02 -3.52855027e-02 1.57175995e-02
    2.31541917e-01 -2.23901033e-01 2.71133095e-01 2.63199925e-01
    -4.31189314e-02 1.36386320e-01 1.28956791e-02 6.39839843e-02
    -1.52500542e-02 1.36662517e-02 -2.05077633e-01 -1.73530892e-01
    -4.07056734e-02 5.25271799e-03 1.03165209e-02 8.57200250e-02
    -9.94063392e-02 2.28903834e-02 -1.42095871e-02 -4.87160571e-02
    -5.91224097e-02 -6.63244873e-02 2.44741980e-02 -1.43015429e-01
    1.30524069e-01 -8.78736973e-02 1.75699577e-01 -4.67693433e-02
    -2.83181369e-01 -6.55930117e-02 5.41965142e-02 1.08885065e-01
    -2.05801085e-01 -1.59509137e-01 -1.25487700e-01 -1.17172860e-01
    6.15077578e-02 2.53905840e-02 1.20335609e-01 8.07505921e-02
    -1.30464733e-01 -3.10921907e-01 -1.33521140e-01 -1.35757878e-01
    1.36590615e-01 -3.58163267e-02 -1.29586542e-02 -5.76940551e-03
    -1.36261687e-01 -3.66361365e-02 3.56586203e-02 8.12139511e-02
    -8.73962045e-02 -1.95659325e-01 2.00432286e-01 -2.81606428e-03
    -1.42318219e-01 -5.43262362e-02 -1.43839568e-02 2.44821742e-01
    1.92238927e-01 2.94653736e-02 7.54474625e-02 -7.77446032e-02
    9.60644484e-02 -2.48411030e-01 1.59125000e-01 1.29680380e-01
    7.73000717e-02 1.32260606e-01 7.97985718e-02 -2.20256016e-01
    1.17682084e-01 1.86269134e-01 -2.05151409e-01 5.28464578e-02
    7.41936117e-02 -1.02588832e-01 5.47514707e-02 -1.08577115e-02
    1.65925682e-01 9.01055634e-02 -8.50737840e-02 -1.04964375e-01
    1.15940325e-01 -1.89537898e-01 -3.89510915e-02 4.71809469e-02
    -1.34374157e-01 -1.67659014e-01 -2.62488186e-01 -6.77958876e-03
    3.54883134e-01 1.52805910e-01 -1.18235156e-01 3.05029750e-03
    -6.80274367e-02 1.30273383e-02 7.94401765e-02 5.44744954e-02
    -1.22179821e-01 -5.39099202e-02 -1.91267744e-01 -9.13859345e-03
    1.72718048e-01 -4.53250110e-02 -5.35319038e-02 2.44179890e-01
